1
10
100
1000
10000
10001
10003
10004
10005
10006
10007
10008
1001
10010
10013
10014
10015
10016
10017
10019
1002
10020
10021
10022
10023
10024
10025
10026
10027
10028
10029
1003
10030
10031
10032
10033
10034
10035
10037
10038
10039
10040
10041
10043
10044
10045
10046
10047
10048
10049
1005
10051
10052
10053
10054
10055
10056
10058
10059
1006
10060
10061
10062
10063
10064
10066
10067
10068
10069
1007
10071
10072
10073
10074
10075
10076
10077
10079
1008
10080
10083
10084
10086
10087
10088
1009
10090
10092
10093
10094
10095
10096
10097
10098
10099
1010
10100
10101
10103
10104
10105
10106
10108
10109
1011
10110
10111
10113
10114
10115
10116
10117
10118
10119
1012
10120
10121
10123
10124
10125
10126
10127
10128
10129
1013
10130
10131
10132
10133
10134
10135
10136
10137
10139
1014
10140
10142
10144
10145
10147
10148
10149
1015
10151
10152
10153
10154
10155
10156
10157
10158
10159
1016
10160
10161
10162
10163
10165
10166
10167
1017
10171
10173
10174
10175
10176
10179
1018
10180
10181
10182
10183
10184
10185
10187
10188
10189
1019
10190
10191
10193
10194
10195
10196
10197
10198
10199
1020
10200
10201
10203
10204
10205
10206
10207
10208
10209
1021
10210
10211
10212
10213
10214
10215
10216
10217
10218
10219
1022
10220
10221
10222
10224
10225
10226
10227
10230
10231
10232
10233
10234
10235
10236
10237
10238
10239
1024
10240
10243
10244
10245
10246
10248
10249
1025
10250
10251
10252
10253
10254
10255
10258
1026
10261
10262
10263
10264
10265
10266
10267
10268
1027
10270
10271
10272
10274
10275
10276
1028
10280
10281
10282
10283
10284
10285
10286
10288
10289
1029
10290
10291
10293
10295
10296
10297
10298
10299
1030
10301
10304
10305
10306
10307
10308
10309
1031
10312
10313
10314
10316
10318
10319
1032
10320
10321
10322
10323
10325
10326
10327
10329
10330
10333
10334
10335
10336
10338
10339
1034
10340
10341
10342
10343
10344
10345
10346
10347
10348
10349
1035
10350
10351
10352
10353
10354
10355
10356
10357
10358
10359
1036
10360
10361
10362
10363
10364
10365
10366
10367
10368
10369
10370
10371
10373
10375
10376
1038
10380
10383
10384
10385
10386
10389
1039
10390
10391
10392
10393
10394
10395
10396
10397
10399
1040
10400
10402
10404
10405
10406
10407
10408
10409
1041
10410
10411
10412
10413
10414
10415
10416
10417
10418
10419
1042
10422
10423
10424
10425
10426
10427
10429
10431
10435
10436
10437
10438
1044
10441
10443
10444
10445
10448
10449
1045
10450
10451
10453
10456
10458
1046
10461
10463
10466
10467
10468
10469
1047
10470
10471
10472
10474
10475
10476
10477
10480
10483
10484
10485
10487
10488
10489
10490
10491
10492
10493
10494
10495
10496
10497
10499
105
1050
10500
10501
10502
10503
10504
10506
10507
1051
10510
10511
10512
10513
10514
10515
10516
10517
10518
10519
1052
10520
10521
10522
10523
10524
10525
10526
10527
10528
10529
1053
10530
10532
10533
10534
10535
10537
10539
10540
10541
10542
10544
10545
10546
10547
10549
1055
10550
10551
10552
10553
10555
10556
10557
10558
10559
1056
10561
10565
10566
10567
10568
10569
1057
10571
10572
10573
10574
10575
10576
10577
10579
1058
10580
10582
10583
10584
10585
10586
10587
10588
10589
10590
10591
10592
10593
10594
10597
10598
10599
106
1060
10600
10602
10603
10604
10605
10606
10607
10608
10609
10610
10611
10612
10613
10615
10616
10617
10619
1062
10621
10622
10623
10624
10625
10626
10627
10628
10629
1063
10630
10631
10632
10633
10634
10635
10636
10637
10638
1064
10640
10641
10642
10644
10646
10647
10648
10649
1065
10650
10651
10652
10653
10654
10656
10657
10658
10659
1066
10661
10662
10664
10665
10666
10667
10668
10669
1067
10670
10671
10672
10673
10674
10676
10677
10678
10679
1068
10681
10682
10683
10684
10685
10686
10687
10688
10689
1069
10690
10691
10692
10693
10694
10695
10696
10697
10698
1070
10700
10701
10702
10703
10704
10705
10707
10708
10709
1071
10710
10711
10713
10714
10715
10716
10717
10718
1072
10720
10721
10722
10723
10724
10725
10726
10727
10729
1073
10730
10731
10732
10733
10734
10735
10736
10737
10738
10739
1074
10740
10741
10742
10743
10744
10745
10746
10747
10749
1075
10750
10751
10753
10754
10755
10756
10757
10758
10759
1076
10760
10761
10762
10763
10764
10765
10766
10767
10768
10770
10771
10772
10773
10775
10776
10778
10779
1078
10780
10781
10782
10784
10785
10786
10787
10788
10790
10791
10793
10795
10796
10797
10798
10799
10800
10801
10803
10804
10805
10806
10807
10808
10809
10810
10811
10812
10813
10814
10815
10816
10817
10818
1082
10821
10822
10823
10824
10825
10826
10827
10828
10829
1083
10831
10832
10833
10834
10838
1084
10840
10841
10842
10844
10845
10846
10848
10849
10850
10851
10852
10853
10854
10855
10856
10857
10858
10859
1086
10862
10863
10865
10866
10867
10869
1087
10871
10872
10873
10874
10875
10876
10877
10878
10879
1088
10880
10881
10882
10883
10884
10885
10886
10887
10888
10889
1089
10890
10893
10894
10895
10896
10897
10898
109
1090
10900
10901
10902
10903
10905
10906
10907
10908
10909
1091
10910
10911
10912
10913
10914
10915
10917
1092
10921
10922
10923
10926
10927
10928
10929
1093
10930
10931
10932
10933
10934
10935
10936
10937
1094
10940
10941
10942
10943
10944
10945
10946
10947
10948
10949
1095
10950
10951
10952
10953
10954
10955
10956
10958
10959
10960
10961
10962
10963
10964
10965
10966
10968
10969
10970
10971
10972
10974
10976
10977
10978
10980
10981
10982
10984
10986
10987
10988
10989
1099
10990
10991
10992
10993
10994
10996
10997
10998
10999
11
110
1100
11001
11002
11003
11005
11006
11007
11008
1101
11010
11011
11012
11015
11016
11017
11018
11019
1102
11020
11021
11023
11024
11025
11026
11027
11028
11029
1103
11030
11031
11032
11033
11034
11036
11037
11038
11039
1104
11041
11042
11043
11044
11045
11046
11047
11050
11052
11053
11054
11056
11057
11058
11060
11061
11063
11065
11066
11068
11069
1107
11070
11072
11073
11074
11076
11077
11078
11079
11081
11082
11083
11084
11086
11087
11088
11089
1109
11091
11092
11093
11095
11097
11098
11099
111
1110
11100
11101
11102
11103
11104
11105
11107
11108
11109
1111
11111
11112
11114
11115
11116
11118
1112
11120
11121
11122
11123
11124
11125
11126
11127
11128
1113
11130
11131
11132
11133
11134
11136
11137
11138
11139
1114
11140
11141
11142
11143
11145
11146
11147
11148
11149
1115
11150
11153
11154
11155
11156
11157
11159
1116
11160
11161
11162
11163
11164
11165
11167
11168
11169
1117
11170
11171
11172
11173
11174
11175
11176
11177
11178
11180
11181
11182
11183
11184
11186
11187
11188
11189
11190
11191
11192
11194
11196
11197
11198
11199
112
1120
11200
11201
11202
11204
11205
11206
11207
11209
1121
11212
11213
11214
11215
11218
11219
11221
11222
11223
11224
11227
11228
11229
1123
11230
11231
11232
11233
11234
11235
11236
11237
11239
1124
11240
11241
11242
11244
11245
11246
11247
1125
11250
11251
11252
11253
11254
11255
11257
11258
11259
1126
11260
11261
11263
11265
11266
11267
11268
1127
11270
11271
11272
11274
11275
11276
11277
11279
1128
11280
11281
11282
11283
11284
11285
11286
11287
11288
11289
1129
11290
11291
11294
11295
11296
11297
11298
11299
1130
11300
11301
11302
11303
11304
11305
11307
11308
11309
1131
11313
11314
11315
11316
11317
11318
11319
1132
11320
11321
11322
11325
11326
11327
11329
1133
11330
11332
11333
11335
11336
11337
11338
11339
1134
11340
11341
11343
11345
11346
11347
11348
11349
1135
11350
11351
11352
11353
11354
11355
11356
11358
11359
1136
11360
11361
11362
11363
11364
11365
11366
11368
1137
11370
11371
11372
11373
11375
11377
11378
11379
1138
11380
11381
11383
11384
11385
11386
11388
1139
11390
11391
11392
11393
11394
11395
11396
11397
11399
1140
11401
11402
11403
11407
11408
1141
11410
11411
11412
11413
11414
11417
11419
11420
11421
11422
11423
11425
11426
11428
11429
1143
11430
11431
11432
11433
11434
11435
11436
11437
11438
11440
11441
11442
11443
11444
11445
11446
11447
11448
11449
1145
11452
11453
11454
11455
11456
11457
11458
11459
1146
11460
11461
11462
11463
11464
11465
11466
11467
11468
11469
11470
11472
11473
11474
11475
11476
11477
11478
11479
1148
11480
11482
11483
11484
11485
11486
11487
11488
11489
1149
11490
11491
11492
11493
11494
11495
11496
11497
11498
11499
115
1150
11500
11501
11502
11503
11504
11507
11508
11509
11510
11511
11512
11513
11514
11515
11517
11518
11519
1152
11520
11521
11522
11523
11524
11529
1153
11531
11533
11534
11535
11536
11537
11538
11539
1154
11540
11541
11542
11543
11544
11545
11546
11548
11550
11553
11555
11556
11557
11558
1156
11560
11561
11562
11564
11565
11566
11568
11569
1157
11570
11571
11572
11573
11574
11575
11576
11577
11579
1158
11580
11582
11583
11584
11585
11586
11589
1159
11590
11592
11593
11594
11596
11597
11598
11599
116
1160
11600
11601
11602
11604
11605
11606
11608
1161
11610
11611
11612
11613
11614
11615
11616
11617
11619
11620
11622
11623
11624
11625
11626
11627
11628
1163
11632
11633
11634
11635
11636
11638
11640
11641
11643
11645
11646
11647
11648
1165
11650
11651
11652
11653
11654
11655
11656
11657
11658
11659
11660
11661
11662
11663
11665
11666
11667
11669
1167
11670
11671
11672
11673
11675
11678
11679
11680
11681
11682
11683
11686
11687
11689
1169
11690
11691
11692
11693
11694
11696
11697
11698
11699
117
1170
11700
11701
11702
11703
11704
11705
11706
11707
11709
1171
11710
11711
11712
11713
11714
11715
11716
11718
1172
11720
11721
11722
11723
11724
11725
11726
11727
11728
11729
1173
11730
11731
11733
11734
11735
11736
11738
11739
1174
11740
11741
11742
11743
11744
11745
11746
11747
11748
1175
11751
11752
11755
11756
11757
11758
11759
11760
11761
11762
11763
11764
11765
11768
11769
1177
11770
11772
11773
11774
11775
11776
11777
11778
11779
1178
11780
11782
11784
11785
11786
11787
11788
11789
11790
11791
11792
11793
11795
11796
11797
11798
11799
1180
11801
11802
11803
11804
11805
11806
11807
11808
11809
1181
11810
11811
11813
11814
11815
11816
11817
11818
11819
1182
11820
11822
11823
11824
11825
11826
11827
11829
11830
11831
11832
11833
11834
11835
11837
11839
1184
11840
11841
11842
11843
11844
11846
11847
11848
1185
11850
11851
11852
11853
11854
11857
11858
11859
1186
11860
11863
11864
11865
11866
11867
11868
11869
1187
11870
11871
11872
11873
11874
11875
11876
11877
11878
11879
1188
11880
11881
11882
11884
11885
11886
11887
11889
1189
11890
11891
11892
11893
11894
11896
11897
11899
11900
11902
11903
11904
11905
11907
11909
11910
11912
11915
11916
11917
11918
1192
11920
11921
11922
11926
11927
11929
1193
11930
11931
11932
11933
11934
11936
11937
11938
11939
1194
11940
11943
11944
11945
11946
11947
11948
1195
11950
11951
11952
11953
11954
11955
11956
11957
11958
11959
1196
11960
11961
11962
11963
11965
11966
11967
11969
1197
11970
11971
11972
11973
11974
11975
11981
11983
11984
11985
11986
11987
11988
11989
1199
11990
11991
11993
11994
11995
11996
11997
11998
11999
12
120
1200
12000
12001
12002
12004
12005
12006
12007
12008
12009
1201
12010
12011
12012
12013
12014
12015
12016
12017
12018
12020
12021
12022
12025
12026
12027
12028
12029
1203
12030
12031
12032
12033
12034
12035
12036
12037
12038
12039
12040
12041
12042
12044
12045
12046
12048
1205
12051
12053
12054
12055
12056
12057
12058
12059
1206
12060
12062
12063
12064
12065
12066
12067
12068
12069
1207
12071
12072
12073
12074
12076
12077
12078
12079
1208
12080
12082
12083
12084
12085
12088
12089
1209
12090
12091
12092
12093
12094
12097
12098
12099
121
12100
12101
12102
12103
12104
12105
12106
12107
12108
1211
12110
12112
12114
12115
12117
12118
12119
1212
12120
12121
12122
12123
12124
12127
12128
12129
1213
12130
12131
12132
12133
12134
12135
12136
12137
12139
1214
12141
12142
12143
12144
12147
12148
12149
1215
12150
12153
12155
12156
12157
12159
1216
12160
12161
12162
12163
12164
12165
12166
12167
12168
12169
1217
12171
12174
12175
12176
12177
1218
12180
12181
12182
12183
12184
12185
12187
12188
12189
1219
12190
12191
12192
12195
12198
1220
12200
12201
12202
12203
12205
12206
12208
12209
1221
12210
12211
12212
12213
12216
12217
12218
12219
1222
12220
12221
12222
12223
12224
12225
12226
12227
12228
12229
1223
12230
12231
12232
12233
12234
12235
12236
12237
12239
1224
12240
12241
12243
12244
12245
12246
12247
12248
1225
12250
12251
12252
12254
12255
12256
12257
1226
12260
12263
12264
12265
12266
12267
12268
12270
12271
12272
12273
12274
12275
12276
12277
12278
1228
12280
12281
12282
12283
12285
12286
12287
12288
12289
1229
12290
12291
12292
12293
12296
123
1230
12300
12301
12302
12303
12306
12307
12308
1231
12312
12313
12314
12315
12316
12317
12318
12319
1232
12320
12321
12322
12323
12324
12328
12330
12332
12333
12334
12335
12336
12337
12338
1234
12340
12341
12342
12343
12344
12345
12346
12347
12348
12349
1235
12351
12353
12354
12355
12356
12357
12358
12359
1236
12360
12361
12363
12364
12365
12366
12368
12369
1237
12371
12372
12373
12374
12375
12376
12378
12379
1238
12380
12381
12382
12383
12384
12386
12387
12388
12389
1239
12390
12391
12392
12393
12394
12395
12396
12398
12399
124
1240
12400
12401
12403
12404
12406
12408
12409
1241
12411
12413
12415
12416
12417
12418
12419
1242
12421
12422
12423
12424
12425
12426
12427
12428
12429
1243
12430
12433
12435
12436
12439
1244
12440
12441
12443
12444
12445
12447
12449
1245
12450
12451
12452
12453
12454
12455
12456
12457
12458
12459
1246
12460
12462
12466
12468
12469
1247
12470
12472
12474
12475
12476
12477
12478
12479
1248
12480
12482
12484
12485
12486
12487
12488
12489
1249
12491
12492
12493
12494
12495
12496
12498
12499
125
12500
12501
12502
12503
12504
12505
12506
12507
12509
1251
12511
12512
12513
12515
12516
12517
12518
1252
12520
12521
12522
12524
12525
12526
12527
12528
1253
12530
12532
12533
12534
12535
12537
12538
12539
12540
12541
12543
12545
12546
12548
12549
1255
12551
12553
12554
12555
12556
12557
12558
12559
12560
12561
12562
12563
12565
12567
12568
12569
1257
12571
12572
12573
12574
12575
12576
12577
12579
1258
12580
12581
12582
12583
12584
12585
12587
12588
12589
1259
12591
12592
12593
12594
12595
12596
126
1260
12601
12602
12603
12604
12605
12606
12607
12608
12609
1261
12610
12611
12612
12613
12614
12615
12616
12617
12618
12619
1262
12621
12622
12623
12625
12626
12627
12629
1263
12630
12632
12633
12634
12635
12636
12637
12638
12639
1264
12640
12641
12642
12643
12645
12646
12647
12648
12649
1265
12650
12651
12652
12655
12656
12657
12658
12659
12660
12661
12662
12664
12665
12667
1267
12670
12671
12673
12674
12675
12676
12677
12678
12679
1268
12680
12681
12682
12683
12684
12686
12687
12688
12689
1269
12690
12691
12693
12694
12695
12696
12699
127
12700
12701
12702
12703
12704
12705
12706
12707
12708
1271
12710
12712
12713
12714
12715
12717
1272
12721
12722
12723
12724
12727
12729
12730
12731
12732
12734
12735
12736
12737
12738
12739
1274
12740
12741
12742
12743
12745
12746
12747
12748
12749
12752
12754
12755
12759
1276
12760
12762
12763
12764
12765
12766
12767
12768
12769
1277
12770
12773
12774
12775
12777
12778
12779
12780
12781
12782
12784
12785
12786
12787
12788
12789
1279
12790
12791
12792
12793
12794
12795
12796
12797
12798
12799
128
1280
12801
12802
12803
12804
12806
12807
12809
1281
12811
12812
12813
12816
12817
12818
12819
1282
12820
12821
12822
12823
12824
12825
12826
12827
12828
12829
12830
12831
12832
12834
12835
12836
12837
12839
12841
12842
12843
12844
12845
12846
12847
12848
12849
1285
12852
12853
12854
12855
12856
12857
12859
1286
12860
12861
12862
12864
12865
12866
12868
12869
1287
12870
12871
12872
12873
12876
12877
12879
1288
12880
12882
12883
12884
12888
12889
1289
12890
12892
12893
12894
12896
12899
129
12900
12901
12902
12903
12904
12905
12906
12907
12909
1291
12911
12912
12915
12916
12917
12918
12919
1292
12922
12924
12926
12927
12928
1293
12931
12932
12933
12935
12937
12938
12939
12940
12941
12943
12944
12945
12946
12947
12948
12949
1295
12950
12951
12952
12953
12954
12955
12956
12958
12960
12961
12962
12963
12965
12966
12967
12969
1297
12972
12973
12974
12975
12976
12977
12978
12979
1298
12980
12981
12984
12986
12987
12988
12989
12990
12991
12992
12993
12995
12996
12997
12998
12999
13
1300
13001
13003
13006
13007
1301
13010
13011
13013
13014
13015
13016
13019
1302
13020
13021
13022
13023
13024
13026
13027
13028
13029
13030
13031
13033
13034
13035
13036
13038
13039
1304
13041
13042
13043
13044
13045
13046
13047
13048
13049
1305
13050
13051
13053
13054
13055
13056
13057
13058
13059
13060
13062
13063
13064
13065
13066
13067
13068
13069
1307
13070
13071
13073
13074
13075
13076
13077
13078
13079
1308
13080
13082
13083
13084
13085
13086
13087
13088
1309
13090
13091
13092
13094
13095
13096
13097
13098
13099
131
1310
13101
13102
13103
13104
13105
13106
13107
13108
13110
13111
13112
13113
13115
13116
13117
13118
13119
1312
13120
13122
13123
13124
13125
13126
13127
13129
1313
13131
13132
13134
13136
13137
13138
13139
13140
13141
13144
13145
13146
13147
13149
1315
13151
13152
13153
13154
13155
13156
13157
1316
13160
13161
13162
13163
13164
13165
13166
13167
13168
13169
1317
13170
13171
13172
13175
13176
13177
13178
13179
1318
13181
13183
13184
13185
13186
13189
1319
13190
13191
13192
13193
13195
13196
13198
13199
132
1320
13200
13201
13202
13203
13204
13205
13206
13208
13209
13211
13212
13213
13214
13215
13217
13218
13219
13220
13222
13223
13225
13226
13227
13228
13229
1323
13230
13231
13232
13233
13235
13236
13237
13239
1324
13240
13242
13243
13244
13245
13246
13247
13248
13249
1325
13251
13253
13254
13255
13257
13258
13259
1326
13260
13261
13262
13263
13264
13265
13266
13267
1327
13270
13271
13272
13273
13274
13276
13277
13278
13279
1328
13280
13281
13283
13284
13285
13286
13287
13288
13289
13290
13291
13292
13294
13295
13296
13297
13298
13299
133
1330
13300
13301
13302
13304
13305
13306
13307
13308
13309
1331
13310
13313
13314
13315
13316
13318
13319
1332
13320
13321
13324
13325
13326
13327
13328
13329
1333
13331
13332
13333
13334
13335
13336
13337
13338
13339
1334
13340
13341
13342
13343
13347
13348
13349
1335
13350
13352
13353
13355
13356
13357
13358
13359
1336
13360
13361
13362
13363
13364
13366
13367
13369
1337
13371
13372
13373
13374
13375
13376
13377
13378
13379
13380
13381
13383
13384
13386
13387
13388
13389
1339
13390
13391
13392
13393
13394
13395
13396
13397
134
1340
13401
13403
13404
13405
13406
13409
1341
13410
13411
13412
13413
13414
13416
13417
13418
13419
1342
13420
13421
13422
13424
13427
13428
1343
13430
13432
13433
13434
13435
13438
13439
1344
13441
13442
13443
13444
13445
13446
13447
13448
13449
1345
13450
13451
13453
13454
13455
13456
13458
13459
1346
13460
13461
13463
13464
13465
13466
13467
13468
13469
13470
13471
13473
13476
13478
1348
13480
13482
13483
13484
13485
13487
13488
13489
1349
13490
13492
13493
13494
13495
13496
13497
13498
13499
135
1350
13500
13501
13503
13504
13505
13506
13507
13508
13509
13510
13511
13513
13514
13515
13516
13517
13518
13519
1352
13521
13523
13524
13526
13527
13528
13529
1353
13532
13533
13534
13535
13536
13537
13538
13539
1354
13541
13542
13543
13544
13545
13546
13547
1355
13550
13552
13554
13555
13556
13557
13558
1356
13560
13562
13563
13564
13565
13566
13567
13568
13569
1357
13570
13571
13572
13573
13574
13575
13576
13577
13579
1358
13580
13581
13582
13583
13584
13585
13587
13589
13590
13591
13592
13593
13594
13595
13596
13599
136
1360
13600
13601
13602
13604
13605
13606
13607
13608
13609
1361
13610
13611
13612
13613
13614
13616
13617
13618
13619
1362
13620
13621
13622
13624
13625
13626
13627
13628
1363
13630
13631
13632
13633
13634
13635
13636
13637
13638
13640
13641
13642
13643
13644
13645
13646
13647
13649
1365
13650
13652
13653
13654
13656
13657
1366
13660
13661
13662
13663
13664
13665
13667
13668
13669
1367
13670
13671
13673
13675
13678
13679
1368
13680
13681
13682
13683
13684
13685
13687
13688
13689
1369
13690
13692
13693
13694
13695
13696
13697
13698
13699
137
1370
13700
13704
13706
13707
13709
13710
13712
13713
13714
13715
13716
13717
13718
13719
1372
13720
13721
13723
13724
13725
13726
13727
13728
13729
1373
13730
13731
13732
13733
13734
13735
13736
13737
13738
13739
1374
13741
13742
13743
13744
13745
13746
13747
13748
1375
13750
13751
13752
13753
13754
13755
13756
13757
13758
13759
1376
13760
13761
13762
13763
13764
13765
13766
13767
13768
13769
1377
13770
13772
13773
13774
13775
13776
13777
13778
13779
1378
13780
13781
13782
13783
13784
13785
13786
13787
13788
13789
1379
13790
13792
13793
13795
13797
13798
138
1380
13800
13801
13802
13803
13804
13805
13806
13807
13808
13809
1381
13810
13812
13813
13814
13815
13817
13819
1382
13820
13821
13822
13823
13824
13825
13826
13827
13828
13829
1383
13830
13831
13832
13833
13834
13835
13836
13839
1384
13840
13841
13842
13843
13844
13845
13846
13847
1385
13850
13852
13855
13856
13857
13858
13859
1386
13860
13861
13862
13863
13864
13865
13866
13867
13868
13869
1387
13870
13871
13872
13873
13874
13875
13876
13877
13878
13879
1388
13881
13882
13884
13885
13886
13887
13888
13890
13891
13892
13893
13894
13895
13896
13897
13898
13899
139
1390
13900
13901
13903
13904
13908
13909
1391
13910
13911
13912
13913
13915
13916
13918
1392
13920
13921
13922
13924
13925
13926
13927
13929
1393
13934
13935
13936
13937
13938
13940
13941
13942
13943
13944
13945
13946
13947
13948
1395
13950
13951
13953
13954
13955
13956
13957
13958
13959
1396
13961
13963
13964
13966
13967
13968
13969
1397
13970
13971
13972
13974
13975
13976
13977
13978
13979
13980
13981
13983
13984
13985
13986
13987
13988
13989
1399
13990
13991
13992
13994
13995
13996
13998
14
140
1400
14000
14001
14002
14004
14005
14006
14007
14008
1401
14010
14011
14012
14014
14015
14017
14019
1402
14020
14021
14022
14023
14024
14025
14026
14027
14028
14029
1403
14030
14031
14033
14034
14035
14036
14037
14039
1404
14040
14041
14042
14043
14044
14046
14047
14048
1405
14050
14051
14052
14053
14054
14055
14056
14057
14058
14059
1406
14060
14061
14062
14063
14064
14065
14066
14067
14068
1407
14072
14073
14074
14076
14077
14078
14079
14080
14081
14082
14083
14084
14085
14087
14088
14089
1409
14090
14091
14092
14093
14095
14096
14097
14099
141
1410
14100
14101
14103
14105
14106
14107
14108
14109
1411
14110
14111
14112
14113
14115
14116
14119
14121
14122
14123
14125
14126
14127
14128
1413
14130
14131
14132
14133
14134
14135
14138
14139
1414
14140
14142
14143
14144
14145
14146
14148
14149
14150
14151
14152
14153
14155
14156
14157
14158
14159
1416
14160
14161
14162
14163
14165
14166
14168
1417
14170
14171
14172
14174
14175
14176
14177
14180
14181
14182
14183
14186
14187
14188
1419
14190
14191
14193
14194
14195
14196
14197
14199
14200
14201
14202
14203
14204
14206
14209
1421
14210
14213
14215
14218
14219
1422
14220
14222
14224
14225
14227
14228
1423
14230
14231
14233
14234
14236
14237
1424
14240
14241
14242
14246
14248
14249
1425
14250
14251
14252
14254
14255
14256
1426
14260
14261
14263
14264
14265
14266
14267
14268
14269
1427
14270
14271
14275
14276
14277
14278
1428
14280
14281
14282
14283
14285
14286
14287
14288
14289
1429
14291
14292
14293
14294
14296
14297
14298
14299
143
1430
14301
14302
14303
14305
14306
14307
14308
14309
1431
14310
14311
14312
14313
14314
14315
14316
14317
14318
14319
1432
14320
14321
14324
14325
14326
14327
14329
1433
14331
14333
14334
14335
14336
14337
14339
1434
14341
14342
14343
14344
14345
14346
14347
14350
14351
14352
14353
14354
14355
14358
14359
1436
14361
14363
14364
14365
14367
14368
14369
1437
14370
14371
14372
14373
14375
14376
14377
14378
14379
1438
14380
14381
14382
14383
14384
14385
14386
14387
14388
14389
1439
14390
14391
14392
14393
14394
14395
14396
14397
144
1440
14400
14401
14402
14403
14404
14405
14406
14407
14408
14409
1441
14410
14411
14412
14414
14417
14418
14419
1442
14420
14421
14422
14423
14424
14426
14427
14428
14429
1443
14430
14431
14432
14433
14435
14436
14437
14438
14439
1444
14440
14441
14442
14443
14444
14445
14446
14448
1445
14450
14451
14452
14453
14454
14455
14456
14457
14458
14459
1446
14460
14461
14462
14463
14464
14465
14467
14468
14469
14470
14471
14472
14473
14474
14475
14476
14477
14479
1448
14480
14481
14482
14483
14484
14485
14486
14487
14488
14489
14491
14492
14493
14494
14495
14496
14497
14498
14499
145
1450
14500
14501
14502
14503
14504
14506
14507
14508
14509
14511
14513
14514
14515
14516
14517
14518
14519
1452
14521
14523
14525
14526
14527
14528
14529
14530
14531
14532
14533
14534
14536
14538
14540
14541
14542
14543
14544
14545
14546
14547
14548
14549
1455
14550
14551
14552
14553
14554
14555
14556
14558
14559
14560
14561
14562
14563
14564
14565
14566
14567
14568
14569
1457
14570
14571
14572
14573
14574
14576
14577
14578
14579
14580
14581
14582
14583
14584
14585
14586
14587
14588
14589
1459
14590
14591
14592
14593
14594
14595
14596
14598
14599
1460
14600
14601
14602
14603
14605
14606
14607
14608
14609
1461
14610
14613
14614
14615
14617
14618
14619
1462
14621
14622
14623
14624
14625
14626
14627
14628
14629
1463
14630
14632
14633
14634
14635
14636
14637
14638
14639
1464
14640
14641
14643
14644
14645
14646
14647
14648
1465
14650
14652
14653
14655
14656
14657
14659
14660
14661
14662
14664
14667
14668
14669
1467
14670
14672
14674
14676
14678
14679
14680
14681
14682
14683
14684
14687
14688
14689
1469
14690
14691
14692
14693
14694
14695
14696
14697
147
1470
14700
14701
14702
14703
14704
14705
14706
14707
14708
14709
1471
14710
14711
14712
14713
14715
14717
14718
14719
14720
14721
14723
14724
14725
14726
14727
1473
14731
14732
14734
14735
14736
14737
14738
14739
1474
14740
14742
14743
14744
14745
14746
14747
14748
1475
14750
14751
14752
14753
14754
14755
14756
14758
14760
14761
14762
14763
14764
14765
14766
14767
14768
14769
1477
14770
14771
14774
14777
14778
14779
1478
14780
14781
14783
14784
14785
14786
14788
14792
14793
14795
14797
14798
14799
148
1480
14800
14801
14802
14804
14806
14807
14808
14809
1481
14810
14811
14812
14814
14815
14818
14819
1482
14820
14822
14823
14825
14826
14827
14828
14829
14831
14832
14833
14834
14835
14837
14838
14839
1484
14840
14841
14842
14843
14844
14845
14846
14848
14849
1485
14850
14851
14854
14855
14856
14857
14858
14859
14860
14861
14862
14863
14864
14865
14866
14868
1487
14870
14872
14873
14874
14877
14878
14879
1488
14880
14881
14882
14883
14885
14886
14887
14888
14889
1489
14890
14891
14892
14893
14894
14895
14896
14897
14898
14899
149
1490
14900
14901
14902
14903
14904
14905
14907
14908
14909
1491
14910
14911
14913
14914
14915
14916
14917
14919
14920
14921
14922
14924
14926
14927
14928
1493
14930
14931
14935
14936
14939
1494
14940
14941
14942
14943
14946
14947
14948
14949
14950
14951
14952
14953
14954
14956
14957
14958
14959
1496
14960
14961
14962
14963
14964
14966
14967
14968
1497
14970
14971
14972
14973
14974
14976
14977
14978
14979
1498
14980
14981
14982
14983
14984
14986
14988
14989
1499
14992
14993
14994
14996
14997
14999
150
1500
15000
15001
15002
15003
15004
15005
15006
15007
15008
15009
1501
15011
15012
15013
15014
15017
15018
15019
1502
15021
15022
15023
15024
15025
15026
15027
15028
15029
1503
15031
15032
15033
15034
15036
15037
15038
15039
15040
15042
15043
15047
15048
15049
1505
15051
15052
15054
15055
15057
15060
15061
15063
15065
15066
15067
1507
15070
15071
15072
15073
15075
15076
15077
15078
15079
1508
15080
15081
15082
15083
15084
15085
15086
15087
15088
15089
1509
15090
15091
15092
15093
15094
15095
15096
15097
15098
15099
151
1510
15100
15101
15102
15103
15105
15106
15108
15109
1511
15110
15111
15112
15113
15114
15115
15116
15118
15119
1512
15120
15121
15122
15123
15124
15125
15126
15127
15128
15129
1513
15130
15131
15132
15133
15135
15136
15137
15138
15139
1514
15140
15141
15144
15146
15148
15149
15150
15151
15152
15153
15154
15156
15157
15158
15159
1516
15160
15161
15162
15163
15164
15165
15166
15167
1517
15170
15171
15172
15174
15175
15176
15177
15178
15179
1518
15180
15182
15183
15185
15186
15187
15188
1519
15190
15191
15193
15194
15195
15196
15198
15199
152
1520
15200
15201
15202
15203
15205
15206
15208
15209
1521
15210
15211
15212
15213
15214
15217
15218
15219
1522
15220
15221
15224
15226
15228
15229
1523
15230
15231
15232
15233
15234
15236
15237
15238
15239
1524
15240
15241
15242
15243
15244
15245
15246
15247
15248
15249
15250
15252
15254
15255
15256
15259
1526
15260
15261
15262
15264
15265
15266
15267
15268
15269
1527
15270
15273
15274
15275
15276
15277
15278
15279
15280
15282
15283
15284
15285
15286
15289
1529
15290
15291
15292
15293
15296
15297
15298
15299
153
1530
15300
15301
15302
15303
15304
15305
15306
15307
15308
15309
1531
15310
15312
15313
15315
15317
15318
15319
1532
15320
15322
15323
15324
15325
15326
15327
15328
15329
1533
15331
15332
15334
15336
15337
15338
15339
1534
15340
15342
15344
15345
15346
15347
15349
15350
15351
15353
15354
15356
15357
15359
15362
15364
15365
15366
15367
15368
15369
1537
15370
15371
15373
15374
15375
15376
15378
15381
15382
15383
15385
15386
15387
15388
15389
1539
15390
15391
15392
15393
15394
15395
15396
15398
15399
154
1540
15400
15401
15402
15404
15405
15406
15408
15409
1541
15410
15411
15412
15413
15414
15415
15416
15417
15418
1542
15420
15421
15422
15423
15424
15425
15426
15428
15429
1543
15430
15431
15432
15433
15434
15435
15437
15438
15439
1544
15440
15441
15442
15445
15446
15447
15449
1545
15452
15454
15455
15457
15458
15459
1546
15460
15461
15463
15464
15465
15466
15468
15469
1547
15470
15471
15474
15475
15477
15478
15479
1548
15480
15482
15484
15486
15487
15488
15489
1549
15490
15491
15493
15495
15496
15497
15498
15499
155
15501
15502
15503
15504
15506
15507
1551
15510
15512
15515
15516
15517
15518
15520
15521
15523
15524
15525
15526
15527
15528
15529
1553
15531
15532
15533
15534
15535
15536
15538
15539
1554
15540
15542
15543
15547
15548
15549
15550
15551
15552
15553
15555
15556
15557
15559
15560
15562
15563
15564
15566
15567
15569
1557
15571
15572
15573
15574
15576
15577
15579
15580
15581
15582
15583
15584
15585
15586
15587
15588
15589
1559
15590
15591
15592
15593
15594
15595
15596
156
1560
15601
15602
15603
15604
15605
15606
15607
15608
15609
1561
15610
15611
15613
15614
15617
15618
15619
1562
15620
15621
15622
15623
15624
15625
15626
15627
15628
15629
1563
15630
15631
15633
15636
15637
15638
15639
1564
15640
15641
15642
15643
15644
15645
15647
15648
15649
1565
15650
15651
15652
15653
15655
15657
15658
15659
1566
15661
15662
15664
15665
15666
15667
15669
1567
15670
15671
15673
15674
15676
15677
15679
15681
15683
15684
15685
15688
15689
1569
15690
15691
15692
15693
15694
15695
15696
15697
15698
157
1570
15701
15703
15704
15705
15708
15709
1571
15710
15712
15713
15715
15716
15717
1572
15720
15722
15723
15724
15725
15726
15727
15728
1573
15731
15732
15733
15735
15736
15738
1574
15741
15743
15744
15745
15746
15747
15748
15749
1575
15750
15751
15753
15754
15756
15757
15758
15759
15761
15762
15764
15765
15766
15767
15768
15769
1577
15770
15771
15773
15774
15775
15776
15777
15778
15779
1578
15780
15781
15782
15783
15784
15785
15786
15787
15788
15789
15790
15791
15792
15793
15794
15798
158
1580
15800
15801
15802
15803
15804
15805
15806
15807
15808
15809
1581
15810
15811
15812
15813
15814
15815
15816
15817
15818
15819
15820
15821
15822
15823
15824
15825
15827
15828
15829
15830
15831
15832
15833
15834
15836
15837
15838
15839
15841
15842
15843
15845
15846
15847
15849
15850
15851
15852
15853
15854
15855
15856
15857
15858
15859
1586
15860
15861
15862
15863
15864
15865
15867
15868
15869
15870
15871
15872
15874
15875
15876
15877
15878
15879
1588
15880
15881
15882
15883
15884
15885
15887
15888
1589
15890
15891
15892
15893
15894
15895
15896
15897
15898
15899
1590
15900
15901
15902
15903
15904
15906
15907
15909
1591
15910
15911
15912
15913
15914
15916
15917
15918
15920
15922
15923
15924
15925
15927
15928
1593
15930
15931
15932
15933
15934
15935
15936
15937
15938
15939
1594
15940
15942
15945
15946
15947
15948
15949
1595
15950
15951
15952
15954
15955
15957
15959
1596
15960
15961
15962
15964
15965
15966
15968
1597
15971
15973
15974
15975
15976
15978
15979
15980
15981
15983
15985
15986
15988
1599
15990
15991
15992
15993
15994
15995
15996
15997
15998
15999
16
160
1600
16000
16001
16002
16003
16005
16007
16008
16009
1601
16010
16011
16012
16014
16016
16017
16018
16019
16020
16021
16022
16024
16025
16026
16027
16028
16029
1603
16030
16031
16033
16034
16036
16037
16038
16039
1604
16041
16043
16044
16047
16049
1605
16050
16051
16052
16053
16054
16055
16056
16057
16058
1606
16060
16061
16062
16063
16064
16065
16066
16067
16068
1607
16070
16071
16072
16073
16074
16075
16076
16077
16078
16079
1608
16080
16081
16082
16083
16084
16085
16086
16087
16088
1609
16090
16091
16092
16093
16094
16096
16098
161
1610
16100
16104
16107
16108
16109
1611
16110
16111
16113
16114
16115
16116
16117
16119
1612
16120
16121
16122
16123
16125
16126
16127
16128
16129
1613
16130
16131
16132
16133
16134
16135
16136
16137
16138
16139
1614
16140
16145
16147
16148
1615
16150
16151
16152
16153
16155
16156
16157
16158
16159
1616
16160
16161
16163
16164
16165
16167
16168
16169
16170
16171
16172
16174
16175
16176
16177
16178
16179
1618
16180
16182
16183
16184
16187
16188
16189
16190
16191
16192
16194
16195
16197
16198
16199
162
1620
16200
16201
16203
16205
16206
16208
16209
1621
16210
16211
16213
16214
16215
16217
16218
16219
1622
16221
16222
16224
16225
16226
16227
16228
16229
1623
16230
16232
16233
16234
16235
16237
16239
1624
16240
16241
16242
16243
16245
16246
16248
16250
16252
16254
16255
16256
16258
16259
1626
16260
16261
16263
16264
16267
16269
1627
16270
16271
16272
16273
16275
16276
16277
16278
1628
16281
16282
16283
16284
16286
16287
16288
16289
1629
16292
16293
16296
16297
16298
163
1630
16300
16302
16303
16304
16305
16306
16307
16309
16310
16312
16313
16315
16316
16319
1632
16320
16321
16322
16323
16325
16326
16327
16328
16329
1633
16331
16334
16335
16337
16338
16339
1634
16340
16341
16342
16343
16344
16345
16346
16347
16348
1635
16351
16352
16353
16354
16355
16356
16357
16358
16359
16360
16361
16362
16363
16364
16365
16366
16367
16368
1637
16370
16371
16372
16373
16374
16375
16376
16377
16378
16379
1638
16381
16383
16384
16385
16386
16387
16388
16389
1639
16391
16392
16393
16394
16395
16396
16397
16398
16399
164
16400
16401
16402
16404
16406
16407
16408
16409
1641
16410
16411
16413
16414
16415
16416
16417
16419
1642
16422
16424
16425
16426
1643
16432
16435
16438
1644
16440
16441
16442
16443
16444
16446
16447
16448
16449
16451
16452
16453
16454
16455
16457
16458
16459
1646
16460
16461
16463
16464
16466
16468
16469
1647
16470
16471
16472
16473
16474
16475
16477
16479
1648
16480
16482
16483
16484
16485
16486
16487
16488
1649
16490
16491
16492
16493
16496
16497
16498
16499
165
1650
16500
16501
16502
16503
16504
16505
16506
16507
16508
16509
16510
16511
16512
16513
16514
16517
16518
16519
1652
16520
16521
16522
16523
16524
16525
16526
16529
1653
16530
16531
16534
16536
16537
16538
16539
1654
16540
16541
16542
16543
16544
16545
16547
16548
16549
1655
16550
16553
16554
16555
16556
16557
16558
16559
1656
16560
16561
16562
16563
16564
16565
16566
16567
16569
1657
16570
16571
16572
16573
16574
16575
16576
16577
16578
16579
1658
16580
16581
16582
16583
16584
16585
16587
16588
1659
16590
16591
16592
16594
16596
16597
16599
166
1660
16600
16601
16602
16603
16605
16606
16607
16608
1661
16611
16612
16614
16617
16618
16619
1662
16620
16621
16623
16624
16625
16626
16627
16628
16629
1663
16630
16631
16632
16633
16634
16635
16636
16637
16638
16639
1664
16640
16641
16642
16643
16645
16646
16647
16648
16649
16650
16651
16652
16653
16654
16656
16657
16659
1666
16660
16661
16662
16663
16664
16665
16667
16668
16669
1667
16670
16672
16673
16674
16675
16676
16679
1668
16680
16682
16683
16687
16688
16689
1669
16690
16691
16692
16693
16694
16696
16697
16698
1670
16701
16702
16703
16704
16705
16706
16707
16708
16709
1671
16710
16711
16713
16714
16715
16716
16717
16719
1672
16720
16722
16723
16724
16725
16727
16729
16730
16731
16733
16734
16736
16739
16741
16742
16745
16746
16747
16748
16749
1675
16750
16751
16752
16753
16754
16755
16756
16757
16758
16761
16763
16764
16765
16767
16768
16769
1677
16770
16771
16774
16775
16776
16777
16778
1678
16780
16781
16782
16785
16786
16787
16788
16789
1679
16790
16791
16792
16793
16794
16795
16796
16797
16798
16799
168
1680
16800
16801
16802
16803
16804
16805
16806
16807
16808
16809
1681
16810
16811
16812
16814
16815
16816
16817
16818
1682
16821
16822
16823
16824
16825
16828
16829
16830
16832
16833
16834
16835
16836
16837
16838
16839
16840
16841
16843
16844
16845
16846
16847
16848
1685
16850
16851
16852
16853
16854
16855
16856
16857
1686
16860
16862
16863
16864
16865
16866
16867
16868
16869
1687
16870
16871
16872
16873
16876
16877
16879
1688
16880
16882
16884
16886
16887
16888
16889
1689
16890
16891
16892
16893
16894
16895
16896
16897
16898
16899
169
1690
16900
16901
16902
16903
16904
16905
16906
16907
16908
16909
16910
16911
16912
16913
16914
16915
16916
16917
16918
16919
1692
16920
16922
16923
16924
16925
16927
16929
1693
16930
16931
16932
16933
16935
16936
16937
16938
16939
1694
16940
16941
16942
16943
16944
16946
16947
16948
16949
1695
16950
16951
16953
16954
16955
16956
16958
16959
1696
16960
16961
16962
16963
16964
16965
16966
16967
16968
1697
16970
16971
16973
16975
16976
16977
16978
16979
1698
16980
16982
16983
16985
16986
16988
16989
1699
16990
16991
16992
16993
16995
16996
16997
16998
16999
17
170
1700
17000
17001
17003
17004
17005
17006
17007
1701
17012
17013
17014
17015
17016
17017
17018
17019
1702
17020
17021
17022
17023
17024
17025
17026
17028
17029
1703
17031
17032
17033
17034
17035
17036
17037
17038
17039
1704
17040
17042
17043
17044
17046
17048
17049
1705
17050
17051
17052
17054
17055
17056
17057
17058
17059
1706
17060
17061
17063
17064
17065
17066
17068
17069
1707
17070
17071
17072
17073
17074
17076
17077
17078
17079
17081
17082
17083
17084
17085
17086
17088
17089
1709
17090
17091
17092
17094
17097
17098
171
1710
17100
17101
17103
17104
17105
17106
17108
17109
1711
17110
17111
17112
17113
17114
17117
17120
17121
17123
17124
17125
17126
17128
17129
17130
17131
17132
17133
17135
17136
17137
1714
17140
17141
17142
17143
17144
17145
17146
17147
17148
17149
17150
17151
17152
17153
17154
17155
17157
17160
17161
17163
17164
17166
17168
17169
1717
17170
17171
17172
17175
17176
17177
17179
17181
17182
17183
17184
17186
17187
17188
17189
1719
17190
17191
17192
17193
17196
17197
17198
17199
172
1720
17200
17201
17204
17206
17208
17209
1721
17210
17211
17212
17214
17215
17216
17217
17218
17220
17221
17222
17223
17224
17225
17226
17227
17229
17230
17231
17232
17233
17235
17236
17237
1724
17240
17241
17242
17243
17244
17246
17247
17248
17249
17250
17251
17252
17253
17254
17255
17257
17258
17260
17261
17263
17264
17266
17267
17268
17269
17271
17272
17273
17274
17276
17277
17279
1728
17283
17284
17285
17287
17288
17289
1729
17290
17291
17292
17294
17296
17297
17299
173
1730
17300
17301
17302
17304
17305
17306
17307
17309
17310
17311
17312
17313
17314
17315
17317
17318
17319
1732
17320
17321
17322
17324
17325
17326
17328
1733
17331
17332
17333
17334
17335
17336
17337
17338
17339
1734
17341
17343
17344
17345
17347
17348
17349
1735
17351
17353
17354
17355
17357
17359
1736
17361
17362
17363
17364
17365
17366
17367
17368
17369
1737
17370
17371
17372
17373
17374
17375
17376
17377
17378
17379
1738
17380
17381
17382
17384
17385
17386
17387
17388
17389
1739
17390
17391
17392
17393
17394
17395
17396
17397
17399
174
17400
17401
17402
17404
17405
17406
17408
17409
1741
17410
17411
17412
17413
17414
17416
17417
17419
1742
17421
17422
17423
17424
17426
17427
17428
17429
1743
17430
17432
17433
17434
17436
17437
17438
17439
1744
17440
17441
17443
17444
17446
17447
17448
17449
1745
17451
17452
17453
17456
17458
17459
1746
17460
17461
17462
17463
17466
17467
17469
17470
17471
17472
17473
17474
17475
17476
17477
17478
17479
1748
17480
17481
17483
17484
17486
17487
17489
1749
17490
17491
17492
17493
17494
17495
17496
17497
17498
1750
17500
17501
17502
17503
17504
17505
17506
17507
17508
17509
1751
17510
17512
17513
17514
17517
17518
1752
17520
17521
17523
17524
17525
17528
17529
17530
17531
17533
17535
17536
17538
17539
17540
17542
17543
17544
17547
17548
17549
1755
17550
17551
17552
17553
17554
17556
17558
1756
17560
17561
17562
17563
17564
17565
17566
17567
17568
17569
17570
17571
17572
17573
17574
17575
17576
17577
17578
17579
1758
17580
17581
17582
17583
17586
17587
17588
1759
17592
17593
17594
17595
17596
17597
17598
17599
176
1760
17601
17603
17605
17607
17608
1761
17610
17611
17612
17613
17614
17615
17617
17618
1762
17620
17621
17623
17624
17626
17627
17628
1763
17630
17632
17633
17634
17635
17636
17637
17638
17639
1764
17640
17641
17643
17644
17649
1765
17650
17654
17655
17656
17657
17659
1766
17660
17661
17663
1767
1768
1770
1771
1773
1774
1775
1777
1778
1779
178
1782
1783
1784
1785
1788
1789
179
1790
1791
1792
1794
1796
1797
1798
1799
18
180
1800
1801
1802
1803
1804
1806
1807
1809
181
1812
1813
1814
1815
1816
1817
1818
1819
182
1822
1823
1824
1826
1827
1828
1829
183
1831
1833
1834
1835
1836
1837
1839
1840
1841
1842
1843
1844
1845
1846
1847
1848
1849
185
1850
1851
1853
1854
1855
1856
1857
1858
1859
186
1860
1861
1862
1863
1865
1866
1867
1868
1869
187
1870
1871
1872
1873
1875
1876
1878
1879
188
1880
1881
1882
1883
1884
1885
1886
1887
1888
1889
189
1891
1893
1894
1896
1897
1898
1899
19
190
1900
1901
1902
1903
1904
1905
1906
1907
1908
1909
191
1910
1914
1916
1917
1918
192
1920
1921
1922
1923
1924
1925
1926
1927
1928
1929
1930
1931
1932
1933
1934
1935
1936
1937
1938
1939
1940
1941
1942
1943
1944
1946
1947
1950
1952
1953
1954
1955
1956
1957
1958
196
1960
1961
1962
1963
1964
1965
1966
1967
1968
1969
197
1970
1971
1972
1973
1974
1975
1976
1977
1978
1979
198
1981
1982
1983
1984
1985
1986
1987
1988
1989
199
1990
1991
1992
1993
1995
1996
1997
1998
1999
2
20
200
2000
2003
2004
2005
2006
2007
2008
2009
201
2011
2013
2014
2015
2017
2018
2019
202
2020
2022
2024
2025
2026
2029
203
2030
2031
2032
2033
2034
2035
2036
2037
2038
2039
204
2040
2042
2043
2044
2045
2046
2047
2048
2049
205
2050
2051
2053
2054
2055
2056
2057
206
2061
2062
2063
2064
2065
2066
2067
2068
207
2070
2073
2074
2075
2076
2077
2078
208
2081
2082
2084
2085
2086
2087
2088
2089
2091
2092
2093
2094
2096
2097
2098
21
210
2101
2102
2103
2104
2105
2106
2108
2109
211
2110
2111
2112
2113
2114
2115
2116
2117
2119
212
2120
2121
2124
2125
2126
2127
2128
2129
2130
2131
2132
2133
2134
2138
2139
2140
2141
2144
2145
2146
2147
2148
2149
215
2150
2151
2152
2153
2154
2155
2156
2157
2158
2159
216
2160
2161
2162
2163
2164
2167
2168
2169
2171
2173
2174
2175
2176
2178
2179
218
2180
2181
2184
2185
2186
2187
2188
2189
2190
2191
2192
2194
2195
2197
2199
22
220
2201
2202
2203
2204
2205
2208
2209
221
2210
2211
2212
2213
2214
2215
2216
2217
2218
2219
222
2220
2221
2222
2223
2226
2227
2228
2229
223
2230
2231
2232
2233
2235
2237
2238
2239
224
2240
2241
2242
2243
2244
2245
2246
2247
2248
2249
225
2250
2251
2252
2254
2255
2256
2259
226
2260
2261
2262
2263
2264
2265
2268
2269
227
2271
2272
2273
2275
2276
2277
2278
2279
228
2280
2281
2282
2283
2285
2286
2287
2288
2289
229
2290
2291
2292
2293
2294
2295
2296
2299
23
230
2301
2302
2303
2304
2305
2306
2307
2308
2309
231
2310
2311
2312
2315
2316
2317
2318
232
2321
2323
2324
2326
2327
2328
2329
233
2330
2331
2333
2334
2335
2336
2337
2338
2339
2340
2341
2342
2343
2344
2345
2346
2347
2349
235
2350
2353
2354
2355
2356
2357
2358
2359
236
2360
2361
2362
2363
2364
2365
2366
2367
2368
2369
237
2370
2371
2373
2374
2375
2376
2377
2378
2379
238
2380
2382
2383
2384
2385
2386
2388
2389
239
2390
2391
2392
2393
2396
2397
24
240
2400
2401
2402
2403
2404
2405
2406
2407
2409
241
2411
2413
2414
2415
2416
2417
2418
2419
242
2420
2421
2422
2423
2424
2425
2426
2428
2429
243
2430
2431
2433
2434
2435
2436
2437
2438
244
2440
2441
2442
2443
2444
2445
2447
2448
2449
2450
2451
2453
2454
2455
2456
2457
2458
2459
246
2460
2461
2462
2464
2465
2466
2467
2468
2469
247
2470
2471
2474
2475
2476
2479
248
2480
2484
2486
2488
2489
249
2490
2492
2494
2495
2497
2498
2499
250
2500
2502
2503
2504
2505
2506
2507
2509
251
2511
2512
2513
2514
2515
2516
2517
2518
2519
252
2522
2523
2525
2526
2528
2530
2531
2532
2534
2535
2537
254
2540
2541
2542
2543
2544
2547
2548
2549
255
2550
2551
2552
2553
2554
2555
2556
2557
2558
2559
2561
2562
2563
2565
2566
2568
2569
257
2571
2572
2573
2575
2576
2577
2578
2579
258
2581
2582
2583
2585
2586
2587
2588
259
2590
2591
2592
2593
2594
2596
2597
2599
26
260
2600
2602
2604
2605
2606
2607
2608
2609
261
2610
2611
2612
2613
2614
2615
2616
2617
2619
262
2620
2622
2624
2625
2627
2628
2629
263
2630
2631
2632
2633
2634
2635
2636
2637
2638
264
2640
2641
2642
2644
2645
2646
2647
2648
2649
265
2650
2652
2653
2655
2656
2659
266
2660
2661
2662
2663
2664
2665
2666
2667
2668
2669
267
2670
2672
2673
2674
2676
2677
2678
2679
2680
2681
2682
2683
2684
2685
2686
2687
2688
2689
269
2690
2691
2692
2693
2694
2695
2696
2697
2698
2699
27
2700
2702
2703
2704
2705
2706
2707
2708
2709
271
2710
2711
2713
2714
2716
2717
2718
2719
272
2721
2722
2723
2724
2725
2726
2729
2730
2732
2734
2735
2736
2737
2738
2739
2741
2742
2743
2744
2745
2747
2748
2749
275
2750
2752
2753
2754
2755
2756
2757
2758
2759
276
2760
2762
2763
2765
2767
2768
2769
277
2771
2772
2773
2774
2776
2777
2778
2779
278
2781
2783
2785
2786
2788
2789
279
2790
2791
2792
2793
2794
2795
2796
2798
2799
28
280
2800
2801
2803
2805
2806
2807
281
2810
2811
2812
2815
2816
2817
2818
2819
282
2821
2822
2823
2824
2825
2826
2827
2828
2829
2830
2831
2832
2833
2834
2835
2836
2837
2838
284
2841
2842
2843
2844
2846
2847
2848
2849
285
2850
2852
2853
2854
2855
2858
2859
286
2860
2862
2863
2864
2865
2866
2867
287
2872
2874
2876
2877
2879
288
2880
2881
2882
2883
2884
2885
2887
2888
2889
289
2890
2891
2893
2894
2895
2896
2898
2899
29
290
2900
2901
2902
2903
2904
2906
2907
2908
2909
291
2910
2911
2912
2913
2914
2915
2916
2917
2918
2920
2922
2923
2924
2925
2926
2927
2928
2929
293
2930
2931
2932
2933
2935
2936
2937
2939
294
2940
2941
2942
2943
2944
2945
2946
2949
295
2951
2952
2953
2954
2955
2956
2957
2958
2959
296
2960
2961
2962
2963
2964
2965
2966
2967
2968
2969
297
2970
2971
2972
2975
2976
2977
2978
2979
298
2980
2981
2982
2983
2984
2985
2986
2987
2988
2989
299
2990
2992
2993
2995
2997
2998
2999
3
30
300
3000
3001
3002
3003
3004
3005
3006
3008
3009
3010
3011
3012
3013
3016
3018
3019
3020
3021
3022
3023
3025
3026
3027
303
3030
3031
3032
3033
3034
3035
3037
3038
3039
304
3040
3041
3042
3043
3044
3046
3047
3048
3049
305
3050
3051
3052
3053
3055
3056
3057
3058
3059
306
3061
3062
3063
3064
3065
3068
3069
3071
3072
3078
3079
308
3080
3081
3082
3083
3085
3086
3087
3088
3089
309
3091
3092
3093
3094
3096
3097
3098
3099
31
3100
3102
3103
3104
3105
3107
3108
3109
311
3110
3112
3113
3115
3116
3117
3118
3119
312
3120
3121
3122
3123
3124
3125
3126
3128
3129
3130
3131
3132
3133
3135
3136
3137
3139
3140
3141
3142
3143
3144
3145
3146
3149
315
3150
3152
3153
3154
3155
3156
3158
316
3160
3161
3163
3164
3165
3166
3167
3168
3169
317
3170
3171
3172
3173
3174
3177
3178
3179
318
3180
3181
3183
3184
3185
3186
3187
3188
3189
319
3190
3191
3192
3193
3194
3195
3196
3197
32
320
3200
3201
3202
3203
3204
3205
3206
3207
3209
321
3210
3211
3212
3213
3214
3215
3216
3217
3218
3219
322
3220
3221
3222
3223
3224
3226
3227
3228
3229
323
3230
3231
3233
3234
3235
3236
3237
3238
3239
324
3241
3242
3243
3245
3246
3247
3248
325
3251
3252
3253
3255
3257
3258
326
3260
3261
3262
3263
3264
3265
3266
3267
3268
3269
327
3270
3271
3272
3273
3274
3277
3278
3279
3280
3281
3283
3285
3286
3287
3288
3289
329
3290
3291
3292
3293
3297
3298
3299
33
330
3300
3301
3302
3303
3305
3306
3307
3308
3309
331
3310
3311
3312
3313
3315
3316
3317
3319
332
3320
3321
3322
3323
3325
3326
3327
3328
3329
333
3330
3331
3332
3334
3335
3336
3337
3338
3339
334
3341
3342
3343
3344
3345
3346
3348
3349
3350
3351
3352
3353
3354
3355
3356
3359
336
3360
3361
3362
3363
3365
3366
3367
3369
337
3371
3372
3374
3375
3376
3377
3378
3379
338
3380
3381
3382
3383
3385
3387
3388
3389
339
3390
3391
3392
3393
3394
3397
3398
3399
34
340
3401
3403
3404
3405
3406
3407
3408
341
3410
3411
3412
3413
3414
3415
3416
3417
3419
342
3420
3422
3423
3424
3425
3426
3428
3429
343
3430
3431
3432
3433
3434
3435
3436
3438
3439
344
3440
3441
3442
3443
3445
3448
3449
345
3450
3451
3452
3453
3454
3455
3456
3457
3458
3459
346
3460
3462
3463
3464
3465
3467
3468
3469
347
3470
3471
3472
3473
3474
3475
3476
3477
3478
348
3480
3481
3482
3483
3484
3485
3486
3487
3488
3489
349
3490
3491
3492
3494
3495
3496
3497
3498
3499
350
3500
3501
3502
3503
3504
3505
3506
3507
3509
3510
3511
3514
3515
3516
3517
3518
3519
352
3520
3521
3522
3523
3525
3529
353
3530
3532
3533
3535
3536
3539
354
3540
3541
3543
3544
3545
3547
3548
355
3550
3551
3552
3553
3554
3556
3557
3558
3559
356
3562
3563
3564
3565
3566
3568
3569
357
3570
3572
3574
3576
3577
3578
3579
358
3580
3581
3583
3584
3585
3587
3589
359
3590
3591
3592
3593
3595
3597
3598
3599
3603
3604
3605
3606
3608
3609
361
3610
3614
3615
3616
3617
3618
3619
3620
3621
3623
3625
3627
3628
3629
363
3630
3632
3633
3635
3636
3637
3638
3639
3641
3642
3643
3644
3645
3646
3647
3648
3649
365
3651
3653
3656
3657
3658
3659
3661
3663
3665
3666
3669
367
3671
3672
3673
3674
3675
3676
3678
3679
368
3680
3681
3682
3683
3684
3685
3686
3687
3689
369
3690
3691
3693
3696
3697
3698
3699
37
3700
3702
3703
3704
3706
3707
3708
3709
371
3711
3712
3713
3714
3715
3716
3717
3719
372
3720
3721
3722
3723
3724
3725
3726
3727
3728
3729
373
3730
3731
3732
3734
3735
3736
3737
3738
3739
374
3740
3741
3742
3743
3744
3745
3746
3747
3749
375
3750
3751
3753
3754
3755
3756
3757
3758
3759
3761
3762
3763
3764
3765
3766
3767
3768
3769
377
3772
3773
3774
3777
3778
378
3782
3783
3784
3785
3786
3787
3788
3789
379
3790
3791
3792
3795
3796
3797
3798
3799
38
3800
3801
3802
3803
3804
3805
3806
3807
3808
3809
3810
3811
3812
3813
3817
3818
382
3820
3821
3822
3823
3824
3825
3828
3829
383
3830
3831
3832
3833
3834
3836
3837
3838
3839
3840
3841
3842
3844
3845
3847
3848
3849
385
3850
3853
3854
3855
3856
386
3860
3861
3862
3863
3864
3865
3866
3867
3868
3869
3870
3871
3872
3873
3874
3875
3876
3877
3879
388
3880
3882
3884
3885
3886
3887
3888
3890
3891
3892
3893
3894
3897
3899
39
3900
3901
3902
3903
3904
3906
3907
3908
3909
391
3910
3912
3913
3914
3915
3916
3918
392
3921
3922
3923
3924
3925
3926
3928
3929
393
3930
3931
3932
3933
3934
3935
3936
3937
3938
3939
394
3940
3941
3942
3943
3944
3945
3946
3949
395
3950
3951
3952
3953
3954
3956
3957
3958
3959
396
3960
3961
3962
3963
3964
3965
3966
3967
3968
3969
3970
3971
3972
3973
3974
3975
3976
3978
3980
3981
3982
3983
3984
3985
3986
3987
3988
3989
399
3990
3991
3992
3993
3994
3995
3996
3998
3999
4
40
400
4000
4002
4003
4004
4005
4006
4007
4008
4009
401
4010
4011
4012
4013
4014
4015
4016
4018
4019
402
4020
4021
4022
4023
4024
4025
4026
4027
4029
403
4030
4031
4033
4034
4036
4037
4038
4039
404
4040
4042
4044
4045
4046
4047
4048
4049
405
4052
4053
4054
4055
4056
4057
4058
4060
4062
4063
4064
4065
4066
4067
4068
4069
4070
4072
4073
4074
4075
4076
4077
4078
4079
4080
4081
4082
4083
4085
4087
4088
409
4090
4091
4092
4093
4094
4096
4097
4098
4099
41
4100
4102
4103
4104
4106
4107
4108
4109
411
4110
4111
4113
4114
4115
4116
4117
412
4120
4121
4122
4123
4124
4125
4126
4127
4128
4129
413
4130
4131
4133
4134
4135
4137
4138
414
4140
4141
4142
4143
4144
4145
4146
4147
4148
415
4150
4151
4152
4154
4155
4156
4157
4158
4159
416
4160
4163
4166
4167
4168
4169
417
4170
4171
4172
4173
4174
4175
4176
4177
4178
418
4180
4181
4182
4183
4184
4186
4187
4188
419
4190
4191
4192
4193
4194
4195
4196
4197
4198
4199
42
420
4200
4201
4203
4204
4205
4206
4207
4208
421
4210
4211
4212
4213
4214
4215
4216
4217
4218
4219
422
4220
4221
4222
4224
4225
4226
4227
4229
423
4231
4232
4233
4236
4238
4239
424
4240
4241
4243
4246
4248
4249
425
4250
4251
4252
4253
4254
4255
4256
4257
4258
4259
4260
4261
4262
4263
4264
4265
4266
4267
4268
4269
4270
4271
4272
4274
4277
4279
428
4280
4281
4282
4283
4285
4286
4287
4288
4289
429
4290
4292
4294
4295
4296
4297
4298
4299
430
4300
4301
4302
4303
4304
4305
4306
4307
4308
4309
4310
4311
4313
4314
4315
4316
4317
4318
4319
4320
4321
4322
4323
4324
4326
4327
4328
4329
433
4331
4332
4333
4334
4335
4337
4338
4339
4340
4341
4342
4343
4345
4346
4347
4348
4349
435
4350
4351
4352
4353
4354
4355
4356
4357
4358
4359
4360
4361
4362
4363
4364
4365
4366
4367
4368
4369
437
4370
4371
4372
4374
4375
4376
4377
4378
4379
438
4380
4381
4382
4383
4384
4386
4387
4388
4389
439
4390
4391
4392
4394
4395
4397
4398
4399
44
440
4400
4401
4403
4404
4405
4407
4409
441
4410
4411
4412
4413
4414
4415
4416
4419
442
4421
4423
4424
4425
4426
4427
4428
4429
4430
4431
4432
4433
4435
4436
4437
4438
4439
444
4440
4442
4443
4444
4446
4447
4449
4450
4452
4455
4458
4460
4463
4464
4465
4466
4468
4469
447
4470
4472
4473
4476
4477
4478
448
4480
4481
4482
4483
4485
4486
4487
4489
449
4491
4492
4493
4494
4495
4496
4498
4499
45
450
4501
4502
4503
4504
4506
4507
4509
451
4510
4511
4512
4513
4514
4515
4516
4518
4519
4520
4521
4522
4523
4524
4526
4527
4528
4530
4532
4533
4534
4535
4537
4538
4539
454
4540
4541
4543
4545
4548
4549
455
4550
4551
4552
4554
4555
4556
4557
4558
4559
456
4560
4561
4562
4563
4565
4566
4567
4568
4569
457
4570
4573
4574
4575
4576
4577
4579
458
4580
4581
4583
4584
4585
4586
4587
4588
4589
459
4590
4591
4592
4593
4594
4595
4596
4597
4598
4599
46
460
4600
4602
4603
4605
4608
4609
461
4611
4612
4613
4614
4615
4616
4617
4618
4619
462
4620
4621
4622
4623
4624
4626
4627
4628
4629
463
4631
4632
4633
4634
4635
4636
4637
4638
4639
464
4641
4642
4643
4644
4645
4647
4648
4649
465
4650
4652
4653
4654
4655
4656
4657
4658
466
4660
4661
4662
4663
4664
4665
4666
4667
4668
4669
467
4670
4671
4672
4674
4675
4676
4677
4678
4679
4680
4681
4682
4686
4687
4688
4689
469
4690
4693
4694
4695
4696
4697
4698
47
470
4701
4702
4703
4705
4706
4709
4710
4711
4712
4714
4715
4716
4717
4718
472
4720
4721
4723
4725
4726
4727
4728
4729
473
4730
4731
4732
4733
4734
4735
4736
4737
4738
4739
474
4740
4741
4742
4743
4745
4746
4747
4749
475
4750
4751
4753
4754
4756
4757
4758
476
4760
4761
4762
4764
4765
4766
4767
4768
4769
477
4770
4771
4776
4777
4778
4779
478
4780
4781
4782
4783
4785
4786
4787
4788
4789
479
4790
4791
4792
4793
4794
4795
4796
4797
4798
4799
48
480
4800
4801
4802
4803
4804
4805
4806
4807
4808
481
4810
4811
4812
4814
4815
4816
4817
4818
4819
4820
4821
4822
4823
4824
4825
4826
4827
4828
4829
4830
4831
4833
4835
4839
484
4840
4841
4843
4844
4845
4846
4847
4848
4849
4850
4851
4852
4853
4854
4856
4857
4858
4859
4861
4862
4863
4864
4865
4866
4867
4868
4869
487
4872
4874
4875
4876
4877
4878
4880
4881
4882
4884
4885
4886
4887
4888
4889
489
4890
4891
4892
4893
4894
4895
4896
4897
4898
49
490
4900
4901
4902
4903
4905
4906
4908
4911
4912
4913
4914
4915
4916
4917
4918
4919
492
4921
4922
4923
4925
4926
4927
4928
493
4931
4933
4934
4935
4936
4937
4938
4939
494
4940
4941
4942
4943
4944
4945
4947
4949
4950
4951
4952
4953
4954
4955
4957
4958
496
4964
4965
4967
4969
497
4971
4972
4973
4975
4976
4977
4978
498
4982
4983
4984
4985
4986
4988
4989
499
4990
4991
4992
4994
4995
4996
4997
4998
50
500
5000
5001
5002
5004
5006
5007
5008
5009
501
5010
5011
5012
5013
5015
5016
5019
5020
5021
5022
5023
5024
5026
5027
5029
5030
5031
5032
5034
5035
5036
5037
5038
5039
504
5040
5041
5042
5044
5045
5046
5047
5048
5049
5050
5052
5053
5054
5055
5056
5057
5059
506
5060
5061
5062
5063
5064
5065
5066
5067
5069
507
5070
5071
5072
5073
5074
5075
5077
5078
5080
5081
5082
5083
5084
5085
5086
5087
509
5090
5091
5092
5094
5095
5096
5097
5098
5099
51
510
5100
5101
5102
5103
5104
5105
5106
5107
5108
5109
511
5111
5112
5113
5114
5115
5116
5117
5118
5119
512
5121
5122
5123
5124
5125
5126
5127
5128
5129
513
5130
5132
5133
5134
5135
5136
5137
5138
5139
5140
5142
5143
5144
5145
5146
5148
5149
5150
5151
5152
5153
5154
5156
5158
5159
516
5160
5162
5163
5164
5166
5168
5169
5170
5171
5173
5174
5175
5176
5177
5178
5179
5180
5181
5182
5183
5184
5185
5186
5187
5188
5189
5191
5192
5193
5194
5195
5197
5198
5199
52
520
5201
5202
5203
5205
5206
5207
5208
5209
521
5210
5211
5213
5214
5215
5217
5218
522
5220
5221
5222
5223
5224
5225
5226
5227
5228
5229
523
5230
5231
5232
5233
5234
5235
5236
5237
5238
5239
524
5240
5242
5243
5245
5246
5249
525
5250
5251
5252
5253
5254
5255
5256
5257
526
5261
5263
5264
5267
5269
527
5270
5272
5274
5275
5277
5279
528
5280
5281
5282
5283
5284
5285
5286
5287
5289
529
5290
5292
5293
5295
5296
5297
5298
5299
530
5300
5302
5303
5304
5306
5307
5308
5309
531
5310
5311
5312
5313
5314
5315
5317
5318
5319
532
5320
5321
5322
5323
5324
5326
5327
5329
533
5330
5331
5332
5333
5334
5335
5337
5338
5340
5341
5343
5344
5345
5346
5348
5349
535
5350
5351
5352
5354
5355
5356
5357
5358
5359
536
5360
5361
5363
5364
5366
5367
5368
5369
537
5370
5371
5372
5373
5374
5376
5377
5379
5381
5382
5383
5385
5386
5389
539
5390
5391
5392
5393
5394
5395
5396
5397
5398
5399
54
540
5400
5402
5404
5405
5406
5407
5408
5409
5410
5411
5412
5415
5417
5419
5420
5423
5424
5425
5426
5427
5428
5429
543
5430
5431
5432
5434
5435
5436
5437
5438
5439
5440
5441
5442
5443
5444
5445
5446
5447
5448
5449
545
5450
5451
5452
5453
5454
5456
5457
5459
546
5460
5461
5463
5465
5466
5467
5468
5469
547
5471
5472
5475
5476
5478
548
5480
5481
5482
5483
5485
5486
5487
5488
5489
549
5490
5493
5494
5495
5497
5498
5499
5501
5503
5504
5505
5507
5508
5509
5510
5511
5512
5513
5514
5515
5516
5517
5518
5519
5520
5522
5523
5525
5526
5528
553
5530
5531
5532
5533
5535
5537
5538
5540
5543
5546
5547
5548
5549
555
5550
5551
5552
5553
5554
5555
5558
5559
556
5561
5563
5564
5565
5566
5567
5568
5569
557
5570
5571
5572
5573
5575
5576
5578
5579
558
5580
5581
5585
5586
5587
5588
5589
559
5590
5591
5592
5593
5594
5595
5596
5597
5598
5599
56
560
5600
5601
5602
5603
5604
5605
5606
5607
5609
561
5610
5611
5613
5614
5616
5618
5619
562
5621
5622
5623
5624
5625
5626
5627
5628
5629
563
5630
5631
5632
5633
5634
5635
5638
5639
564
5640
5641
5642
5643
5644
5645
5646
5647
5649
565
5650
5651
5652
5653
5654
5656
5657
5658
5659
566
5660
5662
5663
5664
5665
5666
5667
5669
567
5670
5671
5672
5673
5674
5675
5676
5677
5679
568
5681
5682
5684
5686
5687
5688
5689
569
5690
5691
5692
5693
5694
5696
5697
5699
57
570
5700
5701
5702
5703
5704
5705
5706
5707
5708
5709
571
5710
5711
5713
5714
5715
5716
5717
5718
5719
5720
5722
5723
5724
5725
5727
5729
573
5730
5731
5733
5734
5735
5736
5737
5738
5739
574
5742
5746
5748
5749
575
5751
5753
5754
5756
5757
5758
5759
576
5760
5761
5762
5764
5766
5767
5768
5769
577
5770
5773
5774
5775
5776
5777
5778
578
5780
5781
5782
5784
5785
5787
5788
5789
579
5790
5791
5792
5793
5794
5795
5796
5797
5798
5799
58
580
5800
5801
5802
5803
5804
5805
5806
5807
5808
5809
581
5810
5811
5812
5814
5815
5817
5818
5820
5822
5823
5824
5825
5826
5827
5828
5829
583
5830
5832
5833
5835
5837
5838
584
5840
5841
5844
5845
5846
5847
5848
585
5851
5852
5853
5855
5856
5857
5858
5860
5861
5862
5863
5864
5866
5867
5868
5869
587
5870
5871
5872
5874
5876
5877
5878
5879
588
5880
5881
5882
5883
5884
5885
5886
5888
589
5890
5891
5893
5895
5897
5898
5899
59
590
5900
5901
5904
5906
5907
5908
591
5910
5911
5912
5914
5915
5916
5918
5919
5920
5921
5922
5925
5926
5927
5928
5929
593
5930
5931
5932
5933
5934
5936
5937
5938
5939
5942
5943
5944
5945
5946
5947
5948
5949
595
5950
5951
5952
5954
5955
5956
5957
5958
5959
596
5960
5961
5962
5963
5964
5965
5966
5967
597
5970
5972
5973
5974
5975
5976
5977
5978
5979
5980
5981
5982
5983
5984
5985
5986
5987
5988
5989
599
5991
5992
5994
5995
5996
5997
5998
5999
6
60
600
6000
6003
6004
6005
6007
6008
601
6010
6011
6012
6013
6014
6015
6017
6018
6019
602
6021
6022
6023
6024
6025
6026
6027
6028
6029
6030
6031
6032
6033
6035
6036
6037
604
6040
6044
6045
6047
6048
6049
605
6050
6051
6052
6053
6054
6055
6056
6057
6058
6059
606
6060
6061
6062
6064
6066
6067
6068
6069
607
6070
6072
6073
6074
6075
6077
6078
6079
608
6082
6083
6085
6086
6087
6088
6089
609
6090
6091
6093
6094
6095
6096
6097
6098
6099
61
610
6101
6103
6104
6105
6106
6107
6108
6109
6111
6112
6113
6114
6116
6117
6118
6119
612
6121
6122
6123
6124
6125
6126
6127
6128
6129
6130
6131
6132
6134
6135
6136
6137
6138
6139
614
6140
6141
6142
6143
6146
6147
6148
615
6150
6151
6152
6153
6154
6155
6156
6157
6158
6159
6161
6162
6163
6165
6166
6167
6168
617
6171
6172
6173
6174
6176
6177
6178
6180
6181
6182
6183
6184
6185
6186
6188
6189
619
6190
6191
6193
6194
6195
6199
62
620
6200
6201
6202
6203
6204
6207
6208
6209
621
6210
6211
6212
6214
6215
6216
6218
6219
622
6220
6221
6222
6225
6226
6227
6228
6229
623
6230
6231
6232
6233
6234
6235
6236
6237
6238
6239
624
6241
6242
6243
6245
6246
6248
6249
6250
6251
6252
6253
6255
6256
6257
6258
6259
626
6260
6261
6262
6263
6265
6267
6268
6269
627
6273
6274
6275
6276
6278
6279
628
6280
6281
6283
6285
6286
6287
6288
6289
629
6290
6291
6292
6293
6294
6296
6297
6298
6299
63
630
6301
6302
6303
6305
6307
6308
6309
631
6310
6311
6312
6313
6314
6315
6316
6317
6318
6319
632
6320
6321
6322
6323
6324
6325
6326
6327
6328
6329
633
6330
6331
6333
6335
6336
6337
6338
6341
6342
6343
6344
6346
6348
6349
6350
6351
6352
6354
6355
6356
6357
6358
6359
636
6361
6363
6364
6365
6366
6368
637
6371
6373
6374
6376
6379
638
6381
6383
6385
6386
639
6390
6391
6392
6393
6394
6395
6396
6397
6398
6399
64
6400
6401
6402
6403
6404
6405
6406
6407
6408
6409
641
6410
6411
6413
6414
6415
6416
6417
6418
642
6420
6421
6422
6423
6424
6425
6427
6428
6429
643
6430
6431
6433
6434
6435
6436
6437
644
6441
6442
6443
6444
6445
6446
6447
6448
6449
645
6450
6451
6452
6453
6454
6455
6456
6457
6458
6459
646
6460
6461
6462
6463
6465
6466
6467
6468
6469
647
6471
6473
6474
6475
6476
6477
6479
648
6480
6481
6482
6483
6484
6486
6487
6488
6489
6490
6493
6495
6496
6497
6498
6499
65
650
6500
6503
6504
6505
6506
6507
6509
651
6510
6511
6513
6515
6516
6517
6518
6519
652
6520
6522
6523
6524
6525
6526
6529
6530
6531
6532
6534
6535
6536
6537
6539
654
6540
6541
6542
6543
6544
6546
6547
6548
6549
6550
6551
6553
6554
6555
6557
6558
6559
656
6560
6561
6562
6563
6564
6566
6567
6568
6569
6570
6571
6572
6573
6575
6576
6578
6579
6581
6582
6583
6586
6587
6589
6590
6591
6593
6594
6595
6596
6597
6598
6599
66
660
6600
6602
6604
6607
6608
661
6610
6611
6612
6613
6614
6615
6616
6617
6618
6620
6621
6622
6623
6624
6625
6626
6627
6628
663
6630
6631
6632
6634
6635
6636
6637
6640
6642
6643
6644
6645
6646
6647
6648
665
6650
6651
6652
6653
6654
6655
6656
6657
6658
6659
666
6660
6661
6662
6663
6665
6667
6668
6669
667
6670
6671
6673
6674
6676
6677
6678
6680
6681
6682
6683
6685
6686
6687
6688
6689
669
6690
6691
6692
6693
6694
6695
6696
6697
6698
6699
67
6700
6701
6702
6703
6704
6705
6706
6707
6708
6709
6714
6715
6716
6717
672
6720
6721
6723
6724
6725
6728
6729
6730
6731
6732
6734
6735
6736
6737
6738
674
6741
6743
6744
6745
6746
6747
6748
6749
675
6750
6751
6752
6753
6754
6755
6757
6758
6759
676
6760
6761
6762
6763
6764
6767
6768
6769
6770
6771
6773
6774
6775
6776
6777
6778
6779
678
6780
6781
6782
6783
6784
6785
6786
6787
6788
6789
679
6790
6791
6792
6793
6794
6795
6796
6797
6798
6799
68
680
6801
6802
6805
6806
6807
6808
681
6810
6812
6813
6814
6815
6816
6817
6818
6819
6820
6822
6824
6825
6827
6828
6829
6830
6831
6832
6833
6834
6835
6836
6838
6839
684
6840
6842
6843
6845
6847
6848
6849
6850
6851
6852
6853
6854
6855
6856
6857
6858
6859
686
6860
6861
6862
6865
6866
6867
6869
687
6871
6873
6874
6875
6876
6877
6878
6879
688
6880
6881
6883
6884
6885
6886
6887
6888
689
6890
6891
6892
6893
6894
6896
6897
6898
6899
69
690
6900
6902
6904
6905
6906
6907
6908
6909
691
6910
6911
6912
6913
6915
6917
6918
6920
6922
6924
6925
6926
6927
6928
6929
693
6930
6931
6932
6934
6936
6938
6939
694
6940
6942
6943
6944
6945
6947
6949
695
6951
6952
6953
6955
6956
6957
6958
6959
696
6960
6961
6962
6964
6965
6966
6967
6968
6970
6971
6972
6973
6974
6976
6977
6978
6979
6980
6981
6983
6984
6985
6986
6987
6988
699
6990
6991
6992
6993
6994
6996
6998
6999
7
70
700
7000
7001
7003
7004
7005
7007
7008
7009
701
7010
7012
7013
7014
7015
7016
7018
7019
702
7020
7021
7022
7023
7024
7025
7026
7027
7028
7029
703
7030
7031
7034
7035
7036
7037
7038
7039
704
7040
7041
7042
7043
7044
7046
7047
705
7050
7052
7053
7055
7057
7058
7059
706
7060
7061
7062
7063
7064
7065
7066
7067
7068
7069
707
7072
7073
7074
7076
7077
7078
7079
708
7080
7081
7082
7084
7085
7086
7087
7088
7089
709
7090
7091
7092
7093
7094
7095
7096
7097
7098
7099
7100
7101
7103
7105
7106
7107
7108
7109
711
7110
7112
7113
7114
7115
7116
7117
7118
7119
7120
7121
7122
7123
7124
7126
7127
7129
7130
7131
7132
7133
7134
7135
7137
7138
7139
7140
7142
7143
7144
7145
7146
7147
7148
7149
7150
7151
7153
7154
7155
7156
7157
7158
7159
716
7160
7161
7163
7164
7165
7166
7169
717
7170
7171
7172
7173
7174
7175
7177
7178
7179
718
7180
7181
7182
7183
7184
7185
7186
7187
7189
719
7190
7191
7193
7194
7195
7196
7197
7198
7199
720
7200
7202
7204
7207
7208
721
7210
7212
7213
7214
7215
7216
7217
7218
7219
722
7221
7223
7225
7227
7228
7229
7230
7233
7234
7236
7237
7238
7239
724
7240
7242
7243
7244
7245
7246
7247
7248
7249
725
7250
7251
7252
7253
7254
7255
7256
7257
7258
7259
7260
7261
7262
7263
7265
7268
7269
727
7271
7272
7273
7274
7275
7277
7278
7279
728
7280
7282
7283
7285
7286
7287
7288
7289
729
7290
7291
7292
7293
7294
7295
7298
730
7300
7301
7302
7303
7304
7306
7307
7308
731
7310
7311
7312
7313
7314
7315
7316
7317
7318
7319
732
7321
7322
7324
7326
7328
733
7330
7331
7333
7334
7335
7336
7337
7338
7339
734
7340
7342
7344
7345
7347
7348
7349
735
7352
7353
7355
7356
7357
7358
7359
736
7360
7361
7362
7363
7365
7367
737
7370
7371
7372
7374
7375
7377
7378
738
7380
7381
7382
7383
7384
7385
7386
7387
7388
7389
739
7392
7393
7394
7395
7396
7397
7398
7399
74
740
7400
7401
7402
7405
7406
7408
7409
741
7411
7412
7413
7414
7415
7416
7418
7419
742
7420
7421
7422
7423
7424
7425
7426
7427
7428
7429
743
7430
7431
7432
7434
7436
7437
7439
744
7440
7441
7442
7443
7444
7447
7448
745
7450
7451
7453
7454
7455
7456
7457
7458
7459
7460
7461
7462
7463
7464
7466
7467
7468
747
7471
7472
7473
7474
7475
7476
7477
7479
748
7480
7481
7483
7484
7485
7486
7487
7488
749
7490
7491
7492
7493
7494
7495
7496
7497
7499
750
7501
7502
7503
7504
7505
7506
7507
7508
7509
751
7510
7512
7513
7514
7515
7516
7517
7519
752
7520
7521
7522
7523
7524
7525
7526
7527
7528
7529
7531
7532
7535
7536
7537
7538
754
7540
7541
7542
7543
7544
7545
7546
7547
7548
7549
755
7550
7551
7553
7554
7556
7557
7558
7559
756
7560
7561
7562
7563
7564
7565
7566
7567
7568
7569
757
7570
7572
7573
7574
7576
7577
7578
7579
758
7580
7582
7583
7584
7585
7586
7587
7588
7589
759
7590
7591
7592
7593
7595
7596
7597
7598
7599
76
760
7600
7601
7602
7603
7604
7605
7606
7607
7608
7609
761
7610
7611
7612
7613
7614
7615
7616
7617
7619
7620
7622
7625
7626
7627
7628
7629
763
7630
7631
7632
7633
7634
7637
7638
7639
764
7641
7642
7643
7645
7646
7647
7649
7650
7651
7652
7653
7654
7655
7656
7657
7658
766
7661
7662
7663
7664
7665
7666
7667
7668
7669
767
7671
7672
7673
7674
7675
7678
7679
768
7680
7681
7682
7683
7684
7685
7687
7688
7689
769
7690
7691
7693
7694
7695
7696
770
7700
7701
7702
7703
7704
7705
7706
7708
7709
771
7713
7717
7719
772
7720
7721
7722
7723
7724
7726
7729
773
7733
7734
7735
7736
7737
7738
7739
774
7740
7742
7743
7744
7745
7746
7747
7748
7749
775
7751
7752
7753
7754
7755
7757
7759
776
7760
7761
7763
7764
7766
7768
7769
777
7770
7771
7772
7773
7774
7775
7776
7777
7778
7779
7782
7785
7787
7788
7789
779
7790
7791
7794
7795
7796
7797
7799
78
7800
7802
7803
7804
7806
7807
7808
7809
781
7811
7815
7816
7818
782
7820
7821
7822
7823
7824
7825
7826
7827
7828
7829
783
7830
7831
7833
7834
7836
7837
7838
7839
7842
7844
7847
7848
785
7850
7851
7852
7853
7854
7855
7856
7857
7858
7861
7862
7864
7865
7866
7869
787
7870
7872
7873
7874
7875
7876
7877
7878
7879
788
7880
7882
7883
7884
7885
7886
7887
7888
7889
789
7890
7891
7892
7893
7895
7896
7897
7898
79
790
7901
7902
7903
7904
7905
7906
7907
7908
7909
791
7910
7911
7913
7914
7915
7916
7917
7918
7919
792
7921
7922
7923
7924
7926
7927
7928
7929
793
7930
7932
7933
7934
7937
7938
7940
7941
7942
7943
7944
7945
7946
7948
7949
795
7950
7951
7952
7953
7954
7955
7956
7958
7959
796
7960
7961
7962
7963
7964
7965
7966
7967
7968
797
7971
7972
7973
7974
7975
7976
7977
7978
7979
798
7980
7981
7983
7984
7985
7986
7988
799
7990
7991
7993
7995
7996
7997
7998
8
80
8001
8004
8005
8006
8007
8008
8009
801
8011
8012
8013
8014
8015
8016
8017
8018
8019
8020
8021
8022
8023
8026
8027
8028
803
8031
8033
8035
8036
8037
8039
804
8040
8041
8042
8043
8044
8045
8046
8048
8049
805
8050
8051
8052
8053
8054
8055
8057
8058
8059
806
8060
8061
8062
8063
8064
8065
8066
8067
8068
8069
807
8070
8071
8072
8074
8075
8076
8077
8078
8079
808
8080
8081
8083
8084
8085
8086
8088
8089
809
8090
8091
8093
8095
8096
8097
8099
81
810
8100
8101
8102
8103
8104
8105
8106
8107
8108
8109
811
8110
8111
8112
8113
8114
8115
8116
8119
8120
8121
8122
8123
8124
8125
8126
8127
8128
8129
8131
8132
8133
8134
8135
8136
8137
814
8140
8141
8142
8143
8144
8145
8146
8147
8148
815
8150
8153
8154
8155
8157
8158
8159
816
8160
8161
8162
8163
8164
8165
8166
8167
8169
817
8171
8172
8173
8174
8175
8176
8177
8179
818
8180
8181
8182
8183
8184
8185
8186
8188
8189
819
8190
8191
8194
8195
8196
8197
8198
8199
82
820
8200
8201
8203
8204
8205
8206
8207
8208
8209
821
8210
8212
8213
8214
8216
8217
8218
8219
822
8220
8221
8223
8224
8226
8227
8228
8229
823
8230
8231
8232
8235
8236
8237
8238
824
8240
8241
8243
8244
8246
8248
825
8250
8251
8253
8254
8256
8259
8260
8261
8262
8264
8265
8266
8267
8269
8270
8272
8273
8275
8276
8277
8278
8279
828
8281
8283
8284
8285
8286
8287
8288
8289
829
8290
8293
8294
8295
8298
83
830
8300
8301
8302
8303
8304
8305
8306
831
8310
8312
8313
8314
8315
8316
8317
8318
8319
8321
8322
8323
8327
8328
8329
833
8330
8332
8333
8335
8336
8337
8338
8339
834
8341
8342
8343
8344
8345
8346
8348
8349
835
8350
8351
8352
8353
8354
8355
8356
8357
8358
8359
836
8360
8361
8362
8363
8364
8365
8366
8367
8369
8370
8371
8373
8374
8375
8376
8377
8380
8381
8382
8383
8385
8386
8388
8389
839
8390
8391
8393
8395
8396
8398
8399
840
8400
8401
8405
8406
8407
8408
8409
841
8410
8411
8412
8413
8414
8415
8416
8417
8420
8421
8422
8423
8424
8426
8427
8428
843
8430
8431
8432
8433
8434
8435
8437
8438
8439
844
8440
8441
8443
8444
8446
8447
8448
8449
8451
8452
8453
8454
8455
8458
8459
846
8460
8461
8462
8463
8464
8465
8466
8468
847
8470
8471
8472
8473
8474
8476
8477
8479
848
8480
8481
8483
8484
8485
8486
8487
8488
8489
849
8490
8491
8492
8493
8495
8496
8497
8498
8499
85
8500
8501
8502
8503
8504
8505
8507
8508
851
8510
8511
8512
8513
8514
8515
8516
8517
8518
8519
852
8521
8522
8523
8524
8526
8527
8528
8529
853
8530
8531
8532
8533
8534
8535
8536
8538
8539
854
8540
8542
8545
8546
8547
8548
8549
855
8550
8551
8552
8555
8556
8557
8558
856
8560
8561
8562
8563
8564
8565
8566
8567
8568
8569
857
8570
8571
8572
8573
8574
8575
8576
8577
8578
858
8582
8583
8584
8585
8587
8588
8589
859
8590
8591
8593
8594
8595
8596
8597
8598
8599
86
860
8600
8602
8603
8604
8605
8607
8608
861
8610
8611
8612
8614
8616
8617
8618
8619
862
8620
8621
8624
8625
8626
8627
8629
863
8630
8632
8633
8634
8635
8636
8637
8638
8639
864
8640
8643
8645
8646
8647
8649
865
8650
8651
8653
8654
8655
8656
8657
8658
8659
866
8660
8661
8662
8663
8664
8665
8666
8667
8668
8669
867
8670
8671
8672
8673
8674
8675
8676
8677
8679
8680
8681
8682
8683
8684
8685
8686
8687
8689
869
8690
8692
8693
8694
8695
8696
8697
8698
8699
87
870
8700
8701
8702
8703
8704
8705
8706
8707
8708
8709
8710
8712
8713
8714
8716
8717
8718
8719
872
8720
8721
8722
8723
8724
8725
8726
8727
8728
8729
873
8730
8731
8733
8735
8737
8738
8739
874
8740
8741
8742
8743
8744
8745
8746
875
8750
8751
8754
8756
8757
8758
8759
876
8761
8762
8764
8765
8766
8767
8768
8769
8770
8771
8772
8773
8774
8775
8776
8777
8778
8779
878
8780
8782
8783
8785
8787
8788
8789
879
8790
8792
8793
8794
8795
8796
8798
8799
88
8800
8801
8802
8803
8804
8805
8806
8807
8808
8809
881
8810
8811
8812
8813
8814
8815
8818
8819
882
8821
8822
8823
8824
8825
8826
8827
8828
8829
883
8831
8832
8833
8834
8835
8836
8837
8838
8839
8840
8841
8842
8843
8845
8846
8847
8848
885
8851
8853
8854
8855
8856
8858
886
8860
8861
8864
8865
8866
8867
8869
887
8870
8871
8872
8873
8876
8877
8878
8879
8881
8882
8883
8884
8885
8887
8888
889
8890
8891
8892
8893
8895
8896
8897
8898
8899
89
890
8900
8901
8902
8906
8909
891
8910
8911
8912
8913
8914
8915
8916
8917
8918
8919
892
8921
8924
8928
8929
893
8930
8932
8933
8934
8935
8938
8939
894
8940
8941
8942
8943
8944
8945
8946
8948
8949
895
8950
8952
8953
8954
8955
8956
8957
8958
8959
896
8961
8962
8963
8965
8966
8967
8968
8969
897
8970
8971
8972
8973
8974
8975
8976
8977
8978
898
8980
8981
8982
8983
8984
8985
8986
8987
8988
8989
8991
8992
8993
8994
8995
8996
8997
8998
9
900
9000
9001
9002
9003
9004
9005
9008
9009
901
9011
9012
9013
9014
9017
9018
9019
902
9020
9021
9022
9023
9024
9025
9026
9027
9029
903
9030
9031
9032
9033
9034
9035
9036
9037
9038
904
9040
9041
9042
9043
9044
9045
9047
9048
9050
9051
9053
9054
9056
9057
9058
9059
906
9060
9061
9062
9063
9064
9065
9066
9067
9068
9069
907
9070
9071
9072
9074
9075
9076
9078
9079
908
9080
9081
9082
9083
9084
9086
9087
9088
9089
909
9091
9092
9093
9094
9095
9096
9098
9099
91
910
9100
9101
9102
9103
9105
9106
9107
9108
9109
9110
9111
9113
9114
9115
9116
9118
9119
912
9120
9121
9122
9123
9124
9126
9129
913
9130
9133
9134
9135
9136
9138
9139
914
9141
9142
9143
9146
9148
9149
915
9150
9151
9152
9153
9154
9156
9158
9159
916
9160
9162
9163
9164
9165
9167
9168
9169
917
9170
9171
9172
9173
9175
9176
9178
9179
918
9180
9182
9183
9184
9185
9186
9188
9189
919
9190
9191
9194
9197
9199
92
920
9200
9201
9202
9203
9204
9206
9207
9208
9211
9213
9214
9215
9216
9217
9219
922
9222
9223
9224
9225
9226
9228
9229
923
9231
9232
9234
9235
9236
9237
9238
924
9241
9243
9244
9245
9246
925
9250
9251
9252
9253
9254
9255
9256
9257
9258
9259
926
9260
9264
9265
9266
9267
9268
9269
927
9270
9271
9272
9273
9275
9276
9277
9278
9279
928
9281
9282
9283
9285
9286
9287
9288
929
9290
9291
9292
9293
9294
9297
9298
9299
93
930
9300
9301
9302
9304
9305
9307
931
9310
9314
9315
9316
9318
9319
932
9320
9321
9322
9323
9324
9325
9326
9327
9328
9329
9330
9331
9332
9333
9334
9335
9337
9338
9339
934
9340
9341
9342
9344
9345
9346
9347
9348
9349
935
9350
9351
9352
9353
9354
9355
9356
9357
9359
936
9360
9363
9364
9365
9367
9368
9371
9372
9373
9374
9376
9377
9380
9381
9382
9383
9384
9385
9386
9388
939
9390
9391
9392
9394
9395
9396
9397
9398
9399
94
9400
9401
9403
9404
9405
9406
9407
9408
9411
9412
9413
9414
9416
9417
9418
9419
942
9421
9422
9423
9424
9425
9426
9427
9428
943
9430
9431
9432
9434
9435
9436
9438
9439
944
9440
9441
9442
9444
9445
9446
9449
945
9452
9454
9456
9457
9459
946
9461
9462
9463
9464
9466
9467
9468
947
9470
9471
9472
9474
9475
9476
9477
9478
9479
948
9480
9481
9482
9483
9484
9485
9486
9487
9488
949
9490
9491
9492
9494
9495
9496
9499
950
9500
9501
9502
9503
9505
9506
9507
9508
9510
9511
9513
9514
9515
9516
9517
9518
9519
952
9520
9521
9522
9523
9524
9525
9526
9527
9528
953
9530
9532
9534
9535
9536
9538
954
9540
9541
9542
9544
9545
9546
9547
9550
9551
9553
9555
9557
9559
956
9561
9562
9564
9565
9566
9567
9569
957
9570
9571
9573
9575
9576
9577
9580
9581
9582
9583
9585
9586
9587
9588
9589
9590
9593
9595
9597
9598
9599
9600
9603
9604
9605
9606
9607
9608
9609
961
9610
9611
9612
9613
9614
9615
9616
9618
9620
9621
9622
9624
9625
9627
9628
9629
9632
9633
9635
9636
9637
9638
9639
964
9640
9641
9643
9644
9645
9647
9648
965
9651
9652
9653
9654
9655
9656
9657
9659
966
9660
9661
9662
9663
9664
9665
9666
9667
9668
9669
967
9670
9671
9672
9673
9674
9675
9677
9678
9679
9680
9681
9682
9683
9685
9687
9688
969
9690
9691
9692
9693
9694
9695
9696
9699
97
9700
9701
9703
9704
9706
9707
9708
9709
971
9710
9712
9713
9714
9715
9716
9717
9718
9719
972
9721
9722
9723
9724
9726
9727
9728
9729
9731
9732
9733
9734
9736
9738
9740
9741
9742
9743
9745
9746
9747
9748
9749
975
9750
9752
9753
9754
9755
9756
9758
9759
976
9763
9764
9765
9767
9768
9769
977
9770
9773
9774
9775
9776
9778
9780
9781
9782
9783
9785
9787
9788
9789
979
9790
9791
9793
9794
9796
9797
9798
9799
980
9801
9802
9803
9804
9805
9806
9807
9809
981
9810
9811
9812
9813
9814
9815
9816
9817
9818
9819
982
9820
9821
9822
9824
9825
9827
9828
9829
9830
9831
9832
9835
9836
9837
9839
9840
9842
9843
9844
9848
9849
985
9851
9852
9853
9854
9855
9856
9857
9858
9859
986
9860
9861
9862
9863
9864
9865
9868
9869
987
9870
9871
9873
9877
9878
9879
988
9881
9882
9883
9884
9886
9887
9888
9889
989
9890
9891
9892
9893
9894
9895
9896
9897
9899
990
9900
9901
9902
9904
9905
9906
9907
9908
991
9910
9912
9913
9914
9915
9916
9918
9919
992
9920
9921
9922
9923
9924
9925
9926
9928
9929
993
9930
9931
9932
9933
9935
9936
9939
9940
9941
9943
9944
9946
9948
9949
995
9951
9954
9956
9957
9958
9959
996
9960
9961
9963
9964
9968
9969
997
9970
9971
9973
9974
9975
9976
9977
9980
9981
9983
9984
9985
9986
9987
9988
9989
999
9990
9991
9992
9993
9994
9995
9996
9997
9998
